363
366
372
378
370
377
379
368
380
373
376
372
382
375
374
382
367
384
373
386
388
385
391
393
385
386
369
380
374
399
372
383
376
377
379
382
386
383
372
381
385
381
393
381
354
348
340
347
367
347
357
351
360
355
354
343
365
358
359
364
379
385
353
352
347
364
370
344
415
383
371
360
380
366
384
355
364
351
353
347
381
381
382
385
425
418
580
565
389
407
407
374
422
423
470
450
414
391
426
365
460
471
429
402
446
466
432
409
406
430
431
388
413
490
460
401
591
548
556
538
453
440
425
386
462
462
449
379
475
514
501
405
534
451
503
409
543
581
931
400
880
535
593
417
561
523
471
413
858
749
1176
559
516
513
453
409
563
558
576
434
612
558
649
399
677
723
579
454
1183
626
509
484
598
585
635
425
896
731
877
561
717
611
752
497
1036
730
597
446
1576
1374
1389
614
