### NORMAL ###
# 2 (618)
614
622

# 4 (639)
614
626
663
653

# 8 (638.38)
642
640
638
646
626
646
628
641

# 16 (626.75)
618
670
594
643
583
661
616
649
600
668
597
651
584
638
593
663

# 32 (642.66)
652
647
619
662
633
652
630
664
630
656
633
641
624
642
625
642
644
669
640
641
638
642
635
642
626
637
630
657
635
664
635
678

# 64 (646.22)
620
637
639
627
637
643
654
635
646
631
647
637
654
639
649
634
675
653
651
628
663
640
638
625
644
636
664
638
662
646
643
625
643
632
643
634
641
629
671
648
666
643
653
649
673
659
659
647
656
637
669
635
647
634
674
656
661
633
668
646
669
643
645
635

# 128 (655.30)
660
656
627
666
641
673
650
637
626
660
646
642
630
650
637
639
635
660
649
642
627
639
636
657
654
642
620
634
630
638
627
661
641
642
646
650
648
653
645
655
636
663
641
671
649
676
642
645
635
666
643
638
643
677
641
663
638
647
635
642
637
663
650
680
636
642
631
662
643
671
644
654
646
657
641
639
646
669
643
648
642
1508
633
646
631
644
636
697
644
647
646
654
632
660
652
653
651
669
630
652
634
642
647
676
660
676
660
641
637
656
663
682
659
687
664
662
645
668
637
651
651
650
634
645
626
642
635
658

# 256 (666.18)
659
679
646
654
651
657
651
683
644
683
659
683
649
648
660
671
646
659
651
654
652
679
653
654
637
651
644
677
657
691
650
664
651
650
639
679
665
659
658
675
652
657
646
672
649
652
640
661
649
665
645
661
657
665
652
654
642
684
655
659
652
672
655
662
655
690
670
668
639
648
658
653
655
666
647
662
642
668
656
688
656
679
655
700
648
663
643
683
651
662
646
670
645
660
655
666
650
664
653
689
654
661
655
652
653
680
652
659
644
670
651
660
651
651
642
683
674
682
668
780
677
723
665
702
662
666
646
670
647
666
663
669
649
704
650
673
637
673
637
666
650
675
649
676
666
676
645
689
659
673
648
674
646
681
637
679
668
697
657
702
662
668
647
672
650
674
653
668
645
691
656
670
639
666
647
661
648
670
660
665
649
692
676
682
650
685
651
670
645
675
650
701
654
696
661
674
651
690
656
676
660
693
680
685
871
682
658
692
662
664
668
670
660
674
658
671
662
688
665
667
662
701
668
690
671
683
644
665
643
697
679
696
681
699
671
679
655
704
665
715
667
679
658
681
657
679
667
714
670
674
651
709
666
676
666
686

# 512 (761.59)
677
724
653
715
670
707
687
723
655
710
682
732
655
752
664
694
682
740
675
737
708
709
679
733
653
699
686
770
692
688
651
737
690
701
685
852
670
778
671
745
657
713
701
719
693
693
668
762
704
699
689
713
691
780
679
716
707
687
677
740
676
718
683
769
708
708
689
738
679
761
692
687
718
697
669
728
704
752
734
753
684
712
695
703
684
702
692
735
672
740
669
731
693
682
693
719
673
694
691
739
685
729
735
744
668
710
702
710
711
711
710
735
710
715
694
698
711
769
694
767
738
699
695
733
685
697
673
757
724
711
685
728
697
791
695
716
673
700
687
722
710
709
674
727
683
751
680
726
677
737
710
761
682
690
683
740
704
719
686
785
722
729
692
724
716
739
711
776
754
734
718
723
712
698
681
719
688
704
693
762
699
727
688
733
700
777
742
718
727
714
688
728
705
807
671
719
710
773
716
719
714
745
700
735
736
738
712
718
763
725
700
776
718
725
712
817
679
749
690
791
704
786
727
774
731
780
765
793
721
842
709
783
728
742
717
707
723
756
693
707
710
727
689
744
736
764
734
789
752
768
710
765
710
791
724
750
727
766
726
759
687
789
695
698
757
727
689
764
769
789
682
782
731
802
685
756
713
737
723
754
692
712
740
755
718
768
738
758
724
795
719
791
749
779
721
799
711
795
715
820
692
814
752
747
769
762
756
745
774
796
709
719
703
783
729
808
766
747
753
792
708
763
736
806
730
755
686
780
746
745
733
785
1643
773
727
913
710
900
779
944
758
842
743
831
791
789
748
891
743
879
772
760
771
885
761
751
741
793
738
880
791
818
782
817
717
941
743
1007
849
903
771
865
810
781
755
898
731
926
832
964
817
824
735
857
840
1011
783
804
820
815
743
832
760
782
797
846
770
833
784
818
739
847
834
774
764
859
771
764
768
858
763
848
844
902
745
791
820
954
827
772
764
793
744
865
892
830
932
799
730
840
919
958
699
833
741
835
744
875
747
967
890
805
795
960
774
970
776
750
762
816
742
900
720
814
741
898
764
864
769
780
1402
788
762
905
839
842
788
920
763
787
819
815
747
857
800
893
750
863
789
1024
740
835
773
982
766
776
747
869
775
959
757
842
783
844
705
860
826
937
787
865
719
796
769
856
726
1097
820
1384
808
1141
746
945
