### ICE ###

# 2 (391.50)
318
465

# 4 (370.00)
324
415
323
418

# 8 (374.13)
339
443
318
418
316
419
319
421

# 16 (375.94)
311
439
320
420
309
414
317
456
317
454
321
451
317
424
313
432

# 32 (375.91)
516
327
421
332
416
311
426
337
426
322
427
321
430
309
428
319
430
331
441
342
427
317
424
313
415
307
415
317
430
325
420
307

# 64 (377.19)
314
419
321
423
319
437
326
435
324
428
305
443
311
431
325
436
317
443
335
431
323
414
318
440
318
425
323
425
326
437
333
418
313
422
324
428
313
468
337
422
326
424
307
424
319
430
330
419
318
448
325
419
329
447
323
431
327
436
335
436
343
450
326
418

# 128 (380.84)
317
439
335
453
323
422
316
425
315
446
324
463
320
430
330
424
322
439
329
421
315
453
319
430
330
441
338
427
312
445
322
446
315
452
313
439
319
435
316
435
323
421
311
440
332
434
316
449
319
435
326
429
316
425
322
425
380
459
333
431
327
424
335
432
312
449
321
430
340
439
319
438
334
435
321
458
325
451
321
427
320
439
324
426
321
435
332
435
317
439
331
433
324
448
330
456
329
458
329
419
316
443
324
445
333
440
320
428
326
425
311
424
313
424
323
447
325
426
329
442
320
469
335
437
317
428
332
442

# 256 (396.34)
506
318
450
322
452
325
446
343
473
349
469
335
440
318
437
320
426
320
441
321
429
324
424
320
439
317
470
336
456
324
441
319
435
318
433
331
440
322
439
335
442
327
436
329
448
336
450
326
435
323
455
331
457
331
464
322
443
349
465
340
449
331
474
333
457
331
478
334
461
340
448
331
474
325
460
340
455
337
453
338
437
327
430
330
470
342
472
342
442
322
446
323
442
330
460
335
441
329
466
338
441
336
476
331
470
332
431
330
473
359
457
333
476
337
465
347
434
328
436
333
436
321
472
332
438
337
468
333
485
341
492
349
456
325
444
333
439
322
461
333
437
329
452
327
459
330
465
332
439
335
442
331
457
351
440
362
458
348
484
340
450
340
474
352
445
333
457
332
470
342
454
343
475
330
441
343
469
342
456
336
459
330
452
331
472
343
458
341
441
332
455
338
461
351
451
335
469
348
488
383
451
336
469
350
467
336
473
363
446
348
464
353
456
341
442
343
465
343
472
343
465
339
460
329
478
341
445
335
442
328
446
330
453
349
490
357
501
348
456
332
484
330
473
353
494
344
474
334
473
340
479
348
471
339
461
355

# 512 (478.79)
498
347
481
379
493
361
487
353
553
347
511
363
497
361
499
394
516
367
671
354
599
368
522
357
491
344
471
364
516
400
500
360
498
374
559
349
501
357
497
377
495
415
571
510
618
367
494
355
516
359
519
360
528
357
506
347
496
368
497
380
487
397
583
361
545
393
571
407
516
376
493
385
532
364
518
371
563
398
493
412
497
361
516
400
476
355
533
363
506
376
516
356
490
358
477
368
510
369
520
381
490
386
528
363
506
348
476
364
480
364
466
434
485
360
516
387
509
356
498
372
501
368
479
377
479
363
480
368
494
453
586
420
577
403
590
358
562
374
511
388
569
375
496
367
515
389
538
379
587
377
518
379
523
405
558
389
583
376
494
382
527
367
517
375
497
361
536
376
505
391
535
382
523
367
523
363
532
372
524
369
545
366
505
391
552
379
501
371
574
401
510
369
521
372
559
463
562
426
513
407
588
400
512
384
508
361
667
405
591
377
545
399
541
389
596
366
542
449
583
423
510
404
524
380
508
385
533
390
510
388
553
382
613
376
538
389
468
358
553
422
482
388
498
385
599
423
486
379
512
388
508
386
517
391
500
394
532
394
536
391
547
390
533
399
565
402
549
400
514
382
504
421
548
371
541
390
509
389
532
402
547
389
598
380
545
405
585
387
528
404
565
484
554
404
576
373
528
387
502
419
511
402
530
400
579
379
582
390
572
408
486
396
528
400
590
404
572
420
504
418
500
369
606
395
522
411
651
383
745
435
636
389
559
425
578
427
651
436
624
428
585
474
636
432
503
441
568
399
590
401
533
382
567
395
655
426
631
409
623
387
555
398
577
416
617
436
567
433
540
394
526
427
537
388
531
405
525
390
563
408
513
462
670
431
664
415
694
402
622
410
575
385
604
446
555
409
602
427
564
409
590
419
643
484
629
416
620
451
550
380
572
411
612
440
638
423
550
431
626
408
627
538
619
424
585
472
567
402
570
422
580
408
515
388
586
439
635
443
565
459
680
443
618
550
675
430
676
429
625
472
655
470
674
522
648
423
609
431
636
441
514
426
701
380
617
419
537
400
558
451
539
399
595
401
739
439
557
395
601
416
610
459
706
413
550
441
637
419
633
435
557
441
618
417
580
432
580
431
552
459
614
454
783
431
591
414
844
604
671
482
585
419
